slot, fm_row, fm_level, to_row, to_level
11, 4, 3, 1, 1
11, 4, 2, 1, 2
11, 4, 1, 1, 3
11, 1, 3, 10, 1
11, 1, 2, 10, 2
11, 10, 2, 4, 1
11, 8, 4, 4, 2
11, 8, 3, 4, 3
11, 4, 4, 1, 2
11, 8, 1, 4, 4
11, 1, 2, 8, 1
11, 6, 4, 10, 2
11, 6, 3, 10, 3
11, 6, 2, 10, 4
11, 4, 5, 1, 4
11, 4, 5, 1, 4
11, 4, 4, 1, 5
11, 1, 5, 7, 2
11, 1, 4, 7, 3
11, 9, 2, 6, 2
11, 9, 1, 6, 3
11, 6, 3, 10, 5
11, 10, 5, 9, 1
11, 6, 2, 10, 5
11, 2, 5, 8, 2
11, 2, 4, 8, 3
11, 8, 5, 7, 4
11, 2, 1, 8, 5
11, 7, 4, 2, 1
11, 9, 1, 6, 2
11, 3, 5, 9, 1
11, 3, 4, 9, 2
11, 6, 2, 3, 2
11, 3, 2, 9, 5
